0010010 0010000
0010010 0000000
0010010 1111000
0010010 0000010
0010010 0010010
0010010 0011001
0010010 0110000
0010010 0100100
0010010 1111001
0010010 1000000
0011001 0010000
0011001 0000000
0011001 1111000
0011001 0000010
0011001 0010010
0011001 0011001
0011001 0110000
0011001 0100100
0011001 1111001
0011001 1000000
0110000 0010000
0110000 0000000
0110000 1111000
0110000 0000010
0110000 0010010
0110000 0011001
0110000 0110000
0110000 0100100
0110000 1111001
0110000 1000000
0100100 0010000
0100100 0000000
0100100 1111000
0100100 0000010
0100100 0010010
0100100 0011001
0100100 0110000
0100100 0100100
0100100 1111001
0100100 1000000
1111001 0010000
1111001 0000000
1111001 1111000
1111001 0000010
1111001 0010010
1111001 0011001
1111001 0110000
1111001 0100100
1111001 1111001
1111001 1000000
1000000 0010000
1000000 0000000
1000000 1111000
1000000 0000010
1000000 0010010
1000000 0011001
1000000 0110000
1000000 0100100
1000000 1111001
1000000 1000000
